0 0.7359375 0.6876712328767123 0.446875 0.1589041095890411
0 0.97265625 0.6547945205479452 0.045312500000000006 0.0273972602739726
0 0.91015625 0.6246575342465753 0.0234375 0.038356164383561646
0 0.93515625 0.626027397260274 0.0171875 0.0410958904109589
0 0.9828125000000001 0.6164383561643836 0.025 0.038356164383561646
0 0.8539062500000001 0.6342465753424658 0.06406250000000001 0.07397260273972603
0 0.8078125 0.663013698630137 0.034375 0.0273972602739726
0 0.51015625 0.6452054794520548 0.06406250000000001 0.10136986301369863
0 0.53671875 0.6287671232876713 0.051562500000000004 0.0958904109589041
0 0.43671875000000004 0.6410958904109589 0.051562500000000004 0.049315068493150684
0 0.34687500000000004 0.6287671232876713 0.059375000000000004 0.1178082191780822
0 0.35859375000000004 0.6109589041095891 0.0421875 0.12054794520547946
0 0.3140625 0.6054794520547945 0.037500000000000006 0.1095890410958904
0 0.24531250000000002 0.6136986301369863 0.05 0.09863013698630137
0 0.21640625000000002 0.6150684931506849 0.0578125 0.10684931506849316
0 0.19375 0.6410958904109589 0.05625 0.09315068493150686
0 0.029687500000000002 0.6191780821917808 0.05625 0.12054794520547946
1 0.4921875 0.38082191780821917 0.978125 0.547945205479452
