0 0.49609375 0.49292452830188677 0.34218750000000003 0.820754716981132
0 0.08203125 0.8325471698113207 0.09531250000000001 0.09433962264150943
0 0.16171875000000002 0.8054245283018867 0.0234375 0.06367924528301887
0 0.1859375 0.8089622641509434 0.025 0.06132075471698113
0 0.24375000000000002 0.8136792452830188 0.034375 0.051886792452830184
0 0.321875 0.8172169811320754 0.015625 0.03537735849056604
0 0.86640625 0.8396226415094339 0.051562500000000004 0.08018867924528301
0 0.9796875 0.8066037735849056 0.03125 0.0660377358490566
0 0.821875 0.8337264150943396 0.07500000000000001 0.04009433962264151
0 0.6453125000000001 0.8136792452830188 0.018750000000000003 0.0330188679245283
1 0.49765625 0.722877358490566 0.9953125 0.20990566037735847
