0 0.5398437500000001 0.4531615925058548 0.8984375 0.6018735362997658
0 0.05859375 0.27634660421545665 0.0890625 0.13114754098360656
0 0.1265625 0.25526932084309134 0.021875000000000002 0.023419203747072598
0 0.22187500000000002 0.2540983606557377 0.009375000000000001 0.02576112412177986
0 0.2109375 0.24707259953161592 0.0125 0.03044496487119438
0 0.25078125 0.2611241217798595 0.026562500000000003 0.03044496487119438
0 0.2890625 0.2529274004683841 0.0125 0.023419203747072598
0 0.5320312500000001 0.2154566744730679 0.060937500000000006 0.12646370023419204
0 0.9632812500000001 0.2388758782201405 0.0140625 0.023419203747072598
0 0.7015625000000001 0.24941451990632318 0.0125 0.01639344262295082
1 0.49765625 0.2107728337236534 0.9953125 0.12646370023419204
