0 0.028 0.7027027027027027 0.056 0.06006006006006006
0 0.113 0.6876876876876877 0.058 0.05405405405405406
0 0.047 0.7537537537537538 0.018000000000000002 0.03003003003003003
0 0.303 0.481981981981982 0.066 0.3033033033033033
0 0.372 0.4984984984984985 0.056 0.3303303303303303
0 0.397 0.4894894894894895 0.054 0.18018018018018017
0 0.45 0.4744744744744745 0.052000000000000005 0.24024024024024024
0 0.47500000000000003 0.46996996996997 0.034 0.17717717717717718
0 0.511 0.42792792792792794 0.082 0.3933933933933934
0 0.615 0.45345345345345345 0.05 0.25825825825825827
0 0.678 0.45045045045045046 0.108 0.5645645645645646
0 0.739 0.4294294294294294 0.074 0.3663663663663664
0 0.839 0.4174174174174174 0.094 0.5525525525525525
1 0.499 0.46996996996997 0.998 0.08708708708708708
