2 0.4236979166666667 0.9347222222222222 0.21927083333333333 0.1287037037037037
0 0.07421875 0.5518518518518519 0.14739583333333334 0.18888888888888888
0 0.86796875 0.4305555555555556 0.2630208333333333 0.1685185185185185
0 0.7825520833333334 0.42453703703703705 0.20364583333333333 0.12685185185185185
0 0.7635416666666667 0.3893518518518519 0.19791666666666666 0.10648148148148148
0 0.20078125 0.4476851851851852 0.4005208333333333 0.16018518518518518
0 0.31614583333333335 0.40324074074074073 0.13958333333333334 0.10092592592592593
0 0.3619791666666667 0.3703703703703704 0.15520833333333334 0.11666666666666667
0 0.6260416666666666 0.3814814814814815 0.18229166666666666 0.07407407407407407
1 0.4953125 0.21666666666666667 0.9874999999999999 0.42962962962962964
