2 0.4263020833333333 0.9412037037037038 0.2140625 0.11574074074074074
0 0.16536458333333334 0.42592592592592593 0.008854166666666666 0.005555555555555556
0 0.19375 0.4324074074074074 0.00625 0.009259259259259259
0 0.21276041666666667 0.42638888888888893 0.005729166666666666 0.015740740740740743
0 0.27239583333333334 0.4277777777777778 0.008333333333333333 0.018518518518518517
0 0.3263020833333333 0.42824074074074076 0.0109375 0.017592592592592594
0 0.57109375 0.4240740740740741 0.008854166666666666 0.016666666666666666
0 0.6002604166666666 0.42685185185185187 0.011979166666666666 0.016666666666666666
0 0.634375 0.42685185185185187 0.007291666666666667 0.014814814814814815
0 0.6421875 0.425 0.008333333333333333 0.018518518518518517
0 0.67265625 0.425 0.0067708333333333336 0.018518518518518517
0 0.7161458333333334 0.42314814814814816 0.008333333333333333 0.014814814814814815
0 0.74140625 0.42314814814814816 0.0067708333333333336 0.014814814814814815
0 0.7651041666666667 0.425462962962963 0.008333333333333333 0.010185185185185186
0 0.8854166666666666 0.4236111111111111 0.008333333333333333 0.010185185185185186
0 0.9028645833333333 0.4240740740740741 0.0046875 0.009259259259259259
0 0.93359375 0.42453703703703705 0.0046875 0.010185185185185186
0 0.9559895833333333 0.4240740740740741 0.005729166666666666 0.009259259259259259
0 0.928125 0.4240740740740741 0.003125 0.009259259259259259
0 0.9239583333333333 0.425 0.003125 0.007407407407407408
0 0.9122395833333333 0.425462962962963 0.0046875 0.006481481481481482
