0 0.09921875 0.5537037037037037 0.14739583333333334 0.18888888888888888
2 0.4270833333333333 0.9291666666666667 0.22916666666666666 0.1398148148148148
0 0.86796875 0.4305555555555556 0.2630208333333333 0.1685185185185185
0 0.7825520833333334 0.42453703703703705 0.20364583333333333 0.12685185185185185
0 0.7635416666666667 0.3893518518518519 0.19791666666666666 0.10648148148148148
0 0.20078125 0.4476851851851852 0.4005208333333333 0.16018518518518518
0 0.32135416666666666 0.4087962962962963 0.13958333333333334 0.10092592592592593
0 0.4244791666666667 0.38333333333333336 0.15520833333333334 0.11666666666666667
0 0.6307291666666667 0.3861111111111111 0.18229166666666666 0.07407407407407407
1 0.49973958333333335 0.2388888888888889 0.9994791666666667 0.4537037037037037
