0 0.08723958333333333 0.55 0.17447916666666666 0.17777777777777778
0 0.2328125 0.43703703703703706 0.409375 0.1574074074074074
0 0.41510416666666666 0.3717592592592593 0.16354166666666667 0.1287037037037037
0 0.8791666666666667 0.4185185185185185 0.240625 0.17407407407407408
0 0.8059895833333334 0.39490740740740743 0.17239583333333333 0.1175925925925926
2 0.42552083333333335 0.9310185185185186 0.21875 0.13055555555555556
0 0.6682291666666667 0.3731481481481482 0.15833333333333333 0.08333333333333334
1 0.49973958333333335 0.22268518518518518 0.9994791666666667 0.41203703703703703
0 0.31015625 0.4064814814814815 0.20052083333333334 0.09444444444444444
0 0.7361979166666667 0.37453703703703706 0.17760416666666667 0.15092592592592594
