0 0.08515625 0.5407407407407407 0.1703125 0.17592592592592593
0 0.20572916666666666 0.4416666666666667 0.4114583333333333 0.18333333333333335
0 0.3885416666666667 0.37824074074074077 0.16458333333333333 0.13611111111111113
0 0.8763020833333334 0.3976851851851852 0.24635416666666665 0.1787037037037037
0 0.7919270833333333 0.39722222222222225 0.20781249999999998 0.1388888888888889
2 0.4515625 0.9236111111111112 0.28229166666666666 0.14166666666666666
1 0.49973958333333335 0.22916666666666669 0.9994791666666667 0.4046296296296297
0 0.7278645833333334 0.3861111111111111 0.17864583333333334 0.1277777777777778
0 0.31953125 0.4064814814814815 0.2109375 0.12222222222222223
0 0.6278645833333333 0.3814814814814815 0.13385416666666666 0.10740740740740741
