0 0.07890625 0.5583333333333333 0.1515625 0.19814814814814816
0 0.20859375 0.45 0.39010416666666664 0.17222222222222222
0 0.38671875 0.38333333333333336 0.1734375 0.1388888888888889
0 0.8619791666666666 0.41203703703703703 0.259375 0.1685185185185185
0 0.7885416666666667 0.39583333333333337 0.20729166666666665 0.13055555555555556
2 0.4361979166666667 0.924537037037037 0.23802083333333332 0.13055555555555556
0 0.6395833333333333 0.37222222222222223 0.14375 0.08888888888888889
0 0.7182291666666667 0.3861111111111111 0.165625 0.12037037037037038
0 0.31276041666666665 0.4217592592592593 0.2171875 0.125
1 0.49973958333333335 0.22222222222222224 0.9994791666666667 0.40555555555555556
