2 0.4231770833333333 0.937962962962963 0.22864583333333333 0.12222222222222223
0 0.08098958333333334 0.562962962962963 0.16197916666666667 0.1925925925925926
0 0.21197916666666666 0.45462962962962966 0.3854166666666667 0.18888888888888888
0 0.30104166666666665 0.425 0.221875 0.13333333333333333
0 0.3677083333333333 0.3800925925925926 0.21458333333333332 0.13796296296296298
0 0.6234375 0.3787037037037037 0.12604166666666666 0.08333333333333334
0 0.70390625 0.3689814814814815 0.14322916666666666 0.1212962962962963
0 0.8658854166666666 0.4083333333333333 0.2484375 0.17407407407407408
0 0.7588541666666666 0.3939814814814815 0.17291666666666666 0.1287037037037037
1 0.49973958333333335 0.22361111111111112 0.9994791666666667 0.39166666666666666
