2 0.4223958333333333 0.9370370370370371 0.21979166666666666 0.12222222222222223
0 0.08098958333333334 0.562962962962963 0.16197916666666667 0.17777777777777778
0 0.20364583333333333 0.4532407407407408 0.4010416666666667 0.1824074074074074
0 0.29713541666666665 0.42685185185185187 0.2296875 0.1425925925925926
0 0.37005208333333334 0.38842592592592595 0.1734375 0.1212962962962963
0 0.6106770833333334 0.3800925925925926 0.12343749999999999 0.08796296296296297
0 0.7010416666666667 0.36388888888888893 0.13958333333333334 0.08888888888888889
0 0.7635416666666667 0.39166666666666666 0.19166666666666665 0.12592592592592594
0 0.8526041666666666 0.4166666666666667 0.265625 0.17407407407407408
1 0.49973958333333335 0.24444444444444446 0.9994791666666667 0.3351851851851852
