0 0.07604166666666666 0.5541666666666667 0.15208333333333332 0.18981481481481483
2 0.4270833333333333 0.9263888888888889 0.203125 0.13796296296296298
0 0.20260416666666667 0.43842592592592594 0.3885416666666667 0.17500000000000002
0 0.26796875 0.4083333333333333 0.23177083333333334 0.10555555555555556
0 0.3455729166666667 0.37777777777777777 0.21197916666666666 0.12407407407407407
0 0.6252604166666667 0.3814814814814815 0.14114583333333333 0.07962962962962963
0 0.6744791666666666 0.38101851851851853 0.11979166666666667 0.10462962962962963
0 0.7421875 0.4134259259259259 0.17708333333333334 0.11574074074074074
0 0.8578125 0.4300925925925926 0.2791666666666667 0.15462962962962964
1 0.49973958333333335 0.23935185185185187 0.9994791666666667 0.3564814814814815
