2 0.43385416666666665 0.9356481481481482 0.19270833333333334 0.12685185185185185
0 0.029427083333333333 0.5662037037037038 0.008854166666666666 0.019444444444444445
0 0.053385416666666664 0.5569444444444445 0.0109375 0.019444444444444445
0 0.1328125 0.5527777777777778 0.011458333333333333 0.022222222222222223
0 0.15963541666666667 0.5486111111111112 0.009895833333333333 0.02314814814814815
0 0.4328125 0.5166666666666667 0.007291666666666667 0.020370370370370372
0 0.4635416666666667 0.5157407407407407 0.009375 0.020370370370370372
0 0.490625 0.512962962962963 0.007291666666666667 0.014814814814814815
0 0.49921875 0.5115740740740741 0.0078125 0.015740740740740743
0 0.5403645833333334 0.5074074074074074 0.0109375 0.018518518518518517
0 0.57265625 0.500925925925926 0.011979166666666666 0.018518518518518517
0 0.5932291666666667 0.5032407407407408 0.007291666666666667 0.010185185185185186
0 0.61015625 0.5 0.005729166666666666 0.009259259259259259
0 0.7244791666666667 0.48842592592592593 0.005208333333333333 0.01388888888888889
0 0.7953125 0.48194444444444445 0.00625 0.006481481481481482
0 0.7786458333333334 0.4810185185185185 0.00625 0.010185185185185186
0 0.7630208333333334 0.4842592592592593 0.005208333333333333 0.009259259259259259
0 0.7533854166666667 0.48842592592592593 0.005729166666666666 0.006481481481481482
0 0.74609375 0.48750000000000004 0.0046875 0.008333333333333333
0 0.7395833333333334 0.48750000000000004 0.005208333333333333 0.010185185185185186
