2 0.43307291666666664 0.9282407407407408 0.23072916666666665 0.14166666666666666
0 0.12421875 0.35370370370370374 0.008854166666666666 0.016666666666666666
0 0.15572916666666667 0.350462962962963 0.011458333333333333 0.02314814814814815
0 0.403125 0.3550925925925926 0.008333333333333333 0.008333333333333333
0 0.42942708333333335 0.34953703703703703 0.0078125 0.017592592592592594
0 0.46015625 0.34953703703703703 0.008854166666666666 0.015740740740740743
0 0.48932291666666666 0.3490740740740741 0.005729166666666666 0.012962962962962964
0 0.4966145833333333 0.34814814814814815 0.0067708333333333336 0.016666666666666666
0 0.53671875 0.34814814814814815 0.0067708333333333336 0.018518518518518517
0 0.57109375 0.3472222222222222 0.0140625 0.016666666666666666
0 0.5908854166666666 0.35185185185185186 0.005729166666666666 0.009259259259259259
0 0.7557291666666667 0.3625 0.008333333333333333 0.008333333333333333
0 0.72265625 0.34953703703703703 0.005729166666666666 0.010185185185185186
0 0.7380208333333333 0.3509259259259259 0.005208333333333333 0.009259259259259259
0 0.7453125 0.350462962962963 0.005208333333333333 0.008333333333333333
0 0.7541666666666667 0.3513888888888889 0.007291666666666667 0.006481481481481482
0 0.7609375 0.3490740740740741 0.004166666666666667 0.009259259259259259
0 0.7778645833333333 0.3476851851851852 0.005729166666666666 0.012037037037037037
0 0.7950520833333333 0.35000000000000003 0.0067708333333333336 0.007407407407407408
