2 0.43046875 0.9268518518518519 0.20885416666666667 0.14444444444444446
0 0.13776041666666666 0.2587962962962963 0.0109375 0.019444444444444445
0 0.17447916666666666 0.2601851851851852 0.009375 0.022222222222222223
0 0.44453125 0.28194444444444444 0.0078125 0.019444444444444445
0 0.47578125 0.2851851851851852 0.0078125 0.014814814814814815
0 0.5046875 0.2884259259259259 0.007291666666666667 0.015740740740740743
0 0.5125 0.2884259259259259 0.00625 0.01388888888888889
0 0.5515625 0.2916666666666667 0.00625 0.018518518518518517
0 0.5838541666666667 0.2939814814814815 0.007291666666666667 0.015740740740740743
0 0.5921875 0.29305555555555557 0.008333333333333333 0.015740740740740743
0 0.6072916666666667 0.3 0.00625 0.009259259259259259
0 0.6260416666666666 0.3 0.00625 0.011111111111111112
0 0.7408854166666666 0.30833333333333335 0.0067708333333333336 0.012962962962962964
0 0.75546875 0.3106481481481482 0.0067708333333333336 0.010185185185185186
0 0.7638020833333333 0.3106481481481482 0.005729166666666666 0.008333333333333333
0 0.7799479166666666 0.3111111111111111 0.0067708333333333336 0.012962962962962964
0 0.7973958333333333 0.31157407407407406 0.00625 0.010185185185185186
0 0.8153645833333333 0.31342592592592594 0.005729166666666666 0.008333333333333333
