2 0.4265625 0.9398148148148149 0.171875 0.11851851851851852
0 0.11380208333333333 0.6453703703703704 0.005729166666666666 0.011111111111111112
0 0.20260416666666667 0.6240740740740741 0.008333333333333333 0.014814814814814815
0 0.24401041666666667 0.6125 0.0078125 0.019444444444444445
0 0.49947916666666664 0.5574074074074075 0.008333333333333333 0.022222222222222223
0 0.5286458333333334 0.5504629629629629 0.007291666666666667 0.015740740740740743
0 0.6018229166666667 0.5361111111111111 0.008854166666666666 0.014814814814814815
0 0.56640625 0.5425925925925926 0.0067708333333333336 0.014814814814814815
0 0.56015625 0.5453703703703704 0.0046875 0.012962962962962964
0 0.6375 0.5277777777777778 0.00625 0.014814814814814815
0 0.64609375 0.525462962962963 0.005729166666666666 0.015740740740740743
0 0.6609375 0.524537037037037 0.005208333333333333 0.010185185185185186
0 0.6809895833333334 0.5226851851851853 0.0078125 0.010185185185185186
0 0.7971354166666667 0.4949074074074074 0.0067708333333333336 0.010185185185185186
0 0.8125 0.49259259259259264 0.00625 0.011111111111111112
0 0.8309895833333333 0.487962962962963 0.0078125 0.012962962962962964
0 0.8583333333333333 0.48194444444444445 0.005208333333333333 0.008333333333333333
0 0.83828125 0.4865740740740741 0.0046875 0.008333333333333333
