2 0.42526041666666664 0.9370370370370371 0.1921875 0.12407407407407407
0 0.1859375 0.4 0.007291666666666667 0.018518518518518517
0 0.20494791666666667 0.3944444444444445 0.008854166666666666 0.014814814814814815
0 0.15729166666666666 0.3939814814814815 0.004166666666666667 0.010185185185185186
0 0.2661458333333333 0.40185185185185185 0.008333333333333333 0.016666666666666666
0 0.31953125 0.40185185185185185 0.0078125 0.022222222222222223
0 0.56328125 0.4083333333333333 0.008854166666666666 0.022222222222222223
0 0.5947916666666666 0.412962962962963 0.008333333333333333 0.020370370370370372
0 0.62734375 0.41481481481481486 0.0067708333333333336 0.014814814814814815
0 0.6346354166666667 0.412962962962963 0.0067708333333333336 0.014814814814814815
0 0.6658854166666667 0.41435185185185186 0.008854166666666666 0.017592592592592594
0 0.7091145833333333 0.41481481481481486 0.0078125 0.014814814814814815
0 0.7192708333333333 0.4152777777777778 0.00625 0.01388888888888889
0 0.7322916666666667 0.4166666666666667 0.00625 0.009259259259259259
0 0.75625 0.4199074074074074 0.007291666666666667 0.012037037037037037
0 0.87734375 0.4226851851851852 0.005729166666666666 0.012037037037037037
0 0.8937499999999999 0.4240740740740741 0.00625 0.011111111111111112
0 0.903125 0.4240740740740741 0.005208333333333333 0.007407407407407408
0 0.9192708333333334 0.42685185185185187 0.005208333333333333 0.007407407407407408
0 0.92421875 0.42453703703703705 0.0046875 0.010185185185185186
0 0.9463541666666666 0.425 0.00625 0.011111111111111112
