0 0.47890625 0.48564814814814816 0.12343749999999999 0.10092592592592593
0 0.88046875 0.3856481481481482 0.022395833333333334 0.015740740740740743
2 0.4356770833333333 0.937962962962963 0.1890625 0.12222222222222223
0 0.19270833333333334 0.5726851851851852 0.004166666666666667 0.008333333333333333
0 0.20130208333333333 0.5703703703703704 0.0036458333333333334 0.009259259259259259
0 0.22942708333333334 0.563425925925926 0.0036458333333333334 0.010185185185185186
0 0.334375 0.5537037037037037 0.007291666666666667 0.007407407407407408
0 0.31328125 0.537962962962963 0.005729166666666666 0.011111111111111112
0 0.37473958333333335 0.5208333333333334 0.0067708333333333336 0.01388888888888889
0 0.3809895833333333 0.5180555555555556 0.0046875 0.012037037037037037
